4
4
4
49
42
13
20
41
41
45
8
8
27
27
12
12
42
0
42
42
42
42
42
5
24
45
27
42
42
37
37
17
8
13
4
4
34
8
32
32
32
5
8
4
17
17
17
8
11
15
15
34
13
13
13
2
24
24
24
24
24
24
24
24
24
24
24
24
42
42
43
8
20
20
20
20
20
20
20
20
8
8
8
8
8
8
8
8
8
8
8
8
4
12
34
4
12
12
12
12
4
8
8
8
22
4
4
4
4
4
4
4
5
4
41
6
6
6
6
6
2
2
2
2
43
43
4
4
5
12
12
12
39
39
8
4
4
46
46
46
46
46
46
46
37
9
46
46
34
34
34
34
34
4
4
22
22
16
20
4
12
4
4
4
12
14
26
26
4
4
8
23
23
23
19
19
19
19
8
8
8
8
41
4
4
14
29
29
34
13
11
36
36
35
4
4
14
8
4
4
22
22
25
42
35
15
21
21
21
21
21
21
21
12
46
42
12
13
5
31
31
31
4
4
40
40
42
42
42
4
12
35
29
4
29
24
24
26
26
45
4
23
23
37
37
4
4
42
42
12
12
4
42
42
42
42
42
42
42
42
42
42
42
42
33
33
1
1
1
1
1
32
32
32
32
4
8
8
8
8
0
34
34
4
37
4
22
35
35
4
4
4
24
32
32
32
2
32
29
29
29
29
4
4
13
42
4
4
4
4
4
12
12
21
34
37
13
20
20
34
41
23
4
41
2
9
9
12
21
21
21
21
36
36
22
22
29
21
21
21
0
42
42
42
11
11
11
42
21
21
21
4
4
24
24
25
42
24
42
42
42
25
5
5
4
4
39
39
21
8
22
22
22
22
22
22
22
22
22
22
22
22
22
22
22
24
24
24
24
48
48
8
9
12
39
39
39
39
39
2
2
2
2
2
2
21
21
13
4
20
20
20
20
20
20
4
25
2
2
8
8
8
48
4
12
12
12
12
12
12
12
12
12
12
12
12
12
4
31
48
48
29
8
8
42
7
20
23
36
16
16
41
3
3
3
9
11
4
4
4
4
8
8
13
42
46
0
4
20
20
20
20
4
4
32
32
34
45
45
45
45
45
45
45
5
22
21
21
21
21
21
21
13
16
16
16
16
16
4
4
30
30
30
30
4
27
21
21
21
21
21
21
21
39
43
43
43
43
48
21
21
21
21
0
12
12
12
12
12
9
45
45
46
42
42
4
4
4
4
4
13
42
11
27
27
27
27
27
27
27
27
27
4
4
4
4
41
30
8
8
8
22
48
46
0
4
4
-1
35
30
30
4
39
39
17
17
5
5
32
4
42
42
42
42
42
42
42
9
9
5
9
19
19
19
15
43
14
34
20
20
20
20
20
46
6
14
14
14
14
14
31
31
31
31
46
13
13
12
12
12
12
12
15
15
20
45
45
43
41
24
24
24
24
24
24
24
24
24
24
24
24
24
24
24
24
20
20
20
20
20
8
22
22
22
22
22
22
22
22
22
22
22
22
22
22
22
22
22
22
22
8
8
8
8
8
8
8
8
8
8
8
8
8
8
8
8
8
31
29
31
31
31
31
31
31
29
31
31
31
31
31
31
31
29
31
31
31
31
31
31
31
31
31
31
31
31
29
31
31
31
31
31
31
29
31
31
31
31
31
31
31
31
31
31
31
31
29
29
31
31
31
29
29
31
31
31
31
31
31
31
31
31
31
31
31
31
31
31
31
31
31
31
31
29
31
31
31
31
31
31
31
31
31
31
31
31
31
31
31
31
31
31
31
31
31
31
31
31
31
31
31
31
31
31
31
31
31
31
31
31
29
31
31
31
31
31
31
31
31
31
29
31
29
31
13
13
13
13
13
13
13
13
12
12
12
32
32
32
32
11
46
46
37
37
37
37
48
22
22
21
21
21
21
21
21
21
21
21
21
21
21
21
21
21
21
21
21
21
21
21
21
21
24
4
4
4
4
4
4
4
4
4
4
4
4
4
4
4
4
4
4
4
4
-1
-1
-1
-1
-1
-1
-1
-1
-1
-1
-1
-1
-1
-1
-1
-1
-1
-1
-1
-1
-1
-1
-1
-1
-1
-1
-1
-1
-1
-1
-1
-1
-1
-1
-1
-1
-1
-1
-1
-1
-1
-1
-1
-1
-1
-1
-1
-1
-1
-1
-1
-1
-1
-1
-1
-1
-1
-1
-1
-1
-1
-1
-1
-1
-1
-1
-1
-1
-1
-1
-1
-1
-1
-1
-1
-1
-1
-1
-1
-1
-1
-1
-1
-1
-1
-1
-1
-1
-1
-1
-1
-1
-1
-1
-1
-1
-1
-1
-1
-1
-1
-1
-1
-1
-1
-1
-1
-1
-1
-1
-1
-1
-1
-1
-1
-1
-1
-1
-1
-1
-1
-1
-1
-1
-1
-1
-1
-1
-1
-1
-1
-1
-1
-1
-1
-1
-1
-1
-1
-1
-1
-1
-1
-1
-1
-1
-1
-1
-1
-1
-1
-1
-1
-1
-1
-1
-1
-1
-1
-1
-1
-1
-1
-1
-1
-1
-1
-1
-1
-1
-1
-1
-1
-1
-1
-1
-1
-1
-1
-1
-1
-1
-1
-1
-1
-1
-1
-1
-1
-1
-1
-1
-1
-1
-1
-1
-1
-1
-1
-1
-1
-1
-1
-1
-1
-1
-1
-1
-1
-1
-1
-1
-1
-1
-1
-1
-1
-1
-1
-1
-1
-1
-1
-1
-1
-1
-1
-1
-1
-1
-1
-1
-1
-1
-1
-1
-1
-1
-1
-1
-1
-1
-1
-1
-1
-1
-1
-1
-1
-1
-1
-1
-1
-1
-1
-1
-1
-1
-1
-1
-1
-1
-1
-1
-1
-1
-1
-1
-1
-1
-1
-1
-1
-1
-1
-1
-1
-1
-1
-1
-1
-1
-1
-1
-1
-1
-1
-1
-1
-1
-1
-1
-1
-1
-1
-1
-1
-1
-1
-1
-1
-1
-1
-1
-1
-1
-1
-1
-1
-1
-1
-1
-1
-1
-1
-1
-1
-1
-1
-1
-1
-1
-1
-1
-1
-1
-1
-1
-1
-1
-1
-1
-1
-1
-1
-1
-1
-1
-1
-1
-1
-1
-1
-1
-1
-1
-1
-1
-1
-1
-1
-1
-1
-1
-1
-1
-1
-1
-1
-1
-1
-1
-1
-1
-1
-1
-1
-1
-1
-1
-1
-1
-1
-1
-1
-1
-1
-1
-1
-1
-1
-1
-1
-1
-1
-1
-1
-1
-1
-1
-1
-1
-1
-1
-1
-1
-1
-1
-1
-1
-1
-1
-1
-1
-1
-1
-1
-1
-1
-1
-1
-1
-1
-1
-1
-1
-1
-1
-1
-1
-1
-1
-1
-1
-1
-1
-1
-1
-1
-1
-1
-1
-1
-1
-1
-1
-1
-1
-1
-1
-1
-1
-1
-1
-1
-1
-1
-1
-1
-1
-1
-1
-1
-1
-1
-1
-1
-1
-1
-1
-1
-1
-1
-1
-1
-1
-1
-1
-1
-1
-1
-1
-1
-1
-1
-1
-1
-1
-1
-1
-1
-1
-1
-1
-1
-1
-1
-1
-1
-1
-1
-1
-1
-1
-1
-1
-1
-1
-1
-1
-1
-1
-1
-1
-1
-1
-1
-1
-1
-1
-1
-1
-1
-1
-1
-1
-1
-1
-1
-1
-1
-1
-1
-1
-1
-1
-1
-1
-1
-1
-1
-1
-1
-1
-1
-1
-1
-1
-1
-1
-1
-1
-1
-1
-1
-1
-1
-1
-1
-1
-1
-1
-1
-1
-1
-1
-1
-1
-1
-1
-1
-1
-1
-1
-1
-1
-1
-1
-1
-1
-1
-1
-1
-1
-1
-1
-1
-1
-1
-1
-1
-1
-1
-1
-1
-1
-1
-1
-1
-1
-1
-1
-1
-1
-1
-1
-1
-1
-1
-1
-1
-1
-1
-1
-1
-1
-1
-1
-1
-1
-1
-1
-1
-1
-1
-1
-1
-1
-1
-1
-1
-1
-1
-1
-1
-1
-1
-1
-1
-1
-1
-1
-1
-1
-1
-1
-1
-1
-1
-1
-1
-1
-1
-1
-1
-1
-1
-1
-1
-1
-1
-1
-1
-1
-1
-1
-1
-1
-1
-1
-1
-1
-1
-1
-1
-1
-1
-1
-1
-1
-1
-1
-1
-1
-1
-1
-1
-1
-1
-1
-1
-1
-1
-1
-1
-1
-1
-1
-1
-1
-1
-1
-1
-1
-1
-1
-1
-1
-1
-1
-1
-1
-1
-1
-1
-1
-1
-1
-1
-1
-1
-1
-1
-1
-1
-1
-1
-1
-1
-1
-1
-1
-1
-1
-1
-1
-1
-1
-1
-1
-1
-1
-1
-1
-1
-1
-1
-1
-1
-1
-1
-1
-1
-1
-1
-1
-1
-1
-1
-1
-1
-1
-1
-1
-1
-1
-1
-1
-1
-1
-1
-1
-1
-1
-1
-1
-1
-1
-1
-1
-1
-1
-1
-1
-1
-1
-1
-1
-1
-1
-1
-1
-1
-1
-1
-1
-1
-1
-1
-1
-1
-1
-1
-1
-1
-1
-1
-1
-1
-1
-1
-1
-1
-1
-1
-1
-1
-1
-1
-1
-1
-1
-1
-1
-1
-1
-1
-1
-1
-1
-1
-1
-1
-1
-1
-1
-1
-1
-1
-1
-1
-1
-1
-1
-1
-1
-1
-1
-1
-1
-1
-1
-1
-1
-1
-1
-1
-1
-1
-1
-1
-1
-1
-1
-1
-1
-1
-1
-1
-1
-1
-1
-1
-1
-1
-1
-1
-1
-1
-1
-1
-1
-1
-1
-1
-1
-1
-1
-1
-1
-1
-1
-1
-1
-1
-1
-1
-1
-1
-1
-1
-1
-1
-1
-1
-1
-1
-1
-1
-1
-1
-1
-1
-1
-1
-1
-1
-1
-1
-1
-1
-1
-1
-1
-1
-1
-1
-1
-1
-1
-1
-1
-1
-1
-1
-1
-1
-1
-1
-1
-1
-1
-1
-1
-1
-1
-1
-1
-1
-1
-1
-1
-1
-1
-1
-1
-1
-1
-1
-1
-1
-1
-1
-1
-1
-1
-1
-1
-1
-1
-1
-1
-1
-1
-1
-1
-1
-1
-1
-1
-1
-1
-1
-1
-1
-1
-1
-1
-1
-1
-1
-1
-1
-1
-1
-1
-1
-1
-1
-1
-1
-1
-1
-1
-1
-1
-1
-1
-1
-1
